0.90
0.80
0.8
0.8333333333333334
0.6666666666666666
0.8333333333333334
0.8666666666666667
0.6666666666666666
0.7333333333333333
0.9
0.8666666666666667
0.8666666666666667
0.8
0.9
0.8333333333333334
0.9
0.8333333333333334
0.7666666666666667
1.0666666666666667
0.9333333333333333
--------------------------------

0.43333333333333335
0.36666666666666664
0.4666666666666667
0.36666666666666664
0.5333333333333333
0.6
0.43333333333333335
0.5
0.43333333333333335
0.2
0.23333333333333334
0.4666666666666667
0.5
0.3
0.5
0.5333333333333333
0.4666666666666667
0.5333333333333333
0.4666666666666667
